Ar8 = [43;38;76;79;18;48;44;64;70;75;27;67];