Ar4 = [1, 0; 0, 1];
Ar5 = [3, 2; 1, 1];
Ar6 = [5,7; 2, 3];